<?xml version="1.0" encoding="UTF-8" standalone="no"?>
<!DOCTYPE svg PUBLIC "-//W3C//DTD SVG 20010904//EN"
              "http://www.w3.org/TR/2001/REC-SVG-20010904/DTD/svg10.dtd">

<svg xmlns="http://www.w3.org/2000/svg"
     width="1.24984in" height="0.638809in"
     viewBox="0 0 90 46">
  <path id="Unavngiven"
        fill="none" stroke="black" stroke-width="1"
        d="M 13.00,23.00
           C 13.00,23.00 16.36,20.18 16.36,20.18
             16.36,20.18 16.36,22.91 18.27,23.82
             20.18,24.73 19.82,20.82 19.82,20.82
             19.82,20.82 22.64,22.18 22.82,23.09
             23.00,24.00 24.55,24.64 24.55,24.64
             24.55,24.64 25.18,22.73 26.00,22.00
             26.82,21.27 28.73,21.55 28.73,21.55
             28.73,21.55 28.82,23.64 29.55,23.73
             30.27,23.82 31.18,22.73 32.00,22.64
             32.82,22.55 33.91,22.45 33.91,22.45
             33.91,22.45 33.36,24.18 34.45,24.55
             35.55,24.91 36.00,21.45 36.00,21.45
             36.00,21.45 38.27,22.73 38.36,24.00
             38.45,25.27 39.45,25.45 40.18,24.91
             40.91,24.36 40.45,22.55 40.45,22.55
             40.45,22.55 41.36,23.45 42.00,23.82
             42.64,24.18 45.00,24.91 45.00,24.91
             47.27,24.64 48.09,21.45 48.09,21.45
             48.09,21.45 49.91,22.27 49.82,23.36
             49.73,24.45 50.45,25.45 50.45,25.45
             50.45,25.45 52.09,24.82 52.27,23.82
             52.45,22.82 53.82,21.82 53.82,21.82
             53.82,21.82 55.18,24.18 55.73,24.27
             56.27,24.36 57.82,23.00 57.82,23.00
             57.82,23.00 59.27,26.18 60.55,25.64
             61.82,25.09 63.36,22.82 63.36,22.82
             63.36,22.82 63.27,25.73 65.27,24.55
             67.27,23.36 67.55,21.09 67.55,21.09
             67.55,21.09 70.09,25.73 72.00,24.45
             73.91,23.18 73.18,21.64 73.18,21.73
             73.18,21.82 77.00,23.00 77.00,23.00
             77.00,23.00 77.36,36.09 77.36,36.00
             77.36,35.91 12.82,36.00 12.64,36.00
             12.45,36.00 13.00,23.00 13.00,23.00 Z" />
</svg>
