<?xml version="1.0" encoding="UTF-8" standalone="no"?>
<!DOCTYPE svg PUBLIC "-//W3C//DTD SVG 20010904//EN"
              "http://www.w3.org/TR/2001/REC-SVG-20010904/DTD/svg10.dtd">

<svg xmlns="http://www.w3.org/2000/svg"
     width="1.38872in" height="2.77743in"
     viewBox="0 0 100 200">
  <path id="lian"
        fill="none" stroke="black" stroke-width="1"
        d="M 48.33,-1.72
           C 48.33,-1.72 49.71,18.85 49.46,47.61
             49.12,88.05 47.47,140.45 47.47,140.45
             47.47,140.45 32.85,153.08 24.68,143.19
             16.51,133.30 20.15,129.47 20.15,129.47
             20.15,129.47 25.31,130.84 25.31,126.97
             25.31,123.10 22.69,121.73 19.68,121.73
             15.22,121.49 11.66,135.61 21.55,146.36
             31.44,157.11 47.79,144.96 47.79,144.96
             47.79,144.96 48.28,156.41 46.99,160.44
             45.70,164.48 45.21,171.89 41.02,171.89
             36.83,171.89 34.73,168.83 34.73,168.83
             34.73,168.83 37.15,167.05 34.09,165.76
             31.02,164.48 31.18,168.67 31.18,168.67
             31.18,168.67 34.57,175.60 41.34,174.79
             48.12,173.99 49.57,163.67 49.57,163.67
             49.57,163.67 51.02,169.47 57.31,169.96
             66.18,169.96 64.89,157.54 64.89,157.54
             64.89,157.54 66.50,156.74 62.14,157.06
             57.79,157.38 62.63,162.86 62.63,162.86
             62.63,162.86 62.47,167.54 58.44,167.54
             54.40,167.54 53.73,163.60 52.63,161.68
             52.63,161.68 52.63,119.11 52.63,119.11
             52.63,119.11 58.97,126.31 65.42,128.03
             71.87,129.75 84.88,117.82 81.01,109.65
             79.49,105.55 71.51,104.84 72.21,110.47
             72.92,116.10 77.61,114.46 77.61,114.46
             77.61,114.46 72.77,125.45 65.97,123.11
             59.17,120.76 52.51,108.59 52.51,108.59
             52.51,108.59 54.24,76.99 54.15,47.61
             54.08,21.36 52.20,-3.01 52.20,-3.01M 207.43,138.03" />
</svg>
