<?xml version="1.0" encoding="UTF-8" standalone="no"?>
<!DOCTYPE svg PUBLIC "-//W3C//DTD SVG 20010904//EN"
              "http://www.w3.org/TR/2001/REC-SVG-20010904/DTD/svg10.dtd">

<svg xmlns="http://www.w3.org/2000/svg"
     width="0.75in" height="1.06944in"
     viewBox="0 0 54 77">
  <path id="pindsvin_v2-kopi#1"
        fill="none" stroke="black" stroke-width="1"
        d="M 28.45,15.64
           C 28.45,15.64 32.27,9.00 32.27,9.00
             32.27,9.00 33.00,16.91 33.00,16.91
             33.00,16.91 38.27,11.64 38.27,11.64
             38.27,11.64 36.36,19.55 36.45,19.64
             36.55,19.73 41.82,16.55 41.82,16.55
             41.82,16.55 37.64,24.27 37.64,24.27
             37.64,24.27 43.18,22.82 43.18,22.82
             43.18,22.82 37.45,29.73 37.45,29.73
             37.45,29.73 42.73,29.36 42.73,29.45
             42.73,29.54 36.55,35.00 36.55,35.00
             36.55,35.00 41.09,35.36 41.09,35.36
             41.09,35.36 37.27,38.36 35.73,40.00
             34.82,42.45 35.00,43.82 34.82,45.64
             34.64,47.45 33.36,49.27 33.36,49.27
             33.36,49.27 31.00,50.00 27.00,66.00
             22.73,49.91 20.64,49.27 20.64,49.27
             20.64,49.27 19.36,47.45 19.18,45.64
             19.00,43.82 19.18,42.45 18.27,40.00
             16.73,38.36 12.91,35.36 12.91,35.36
             12.91,35.36 17.45,35.00 17.45,35.00
             17.45,35.00 11.27,29.54 11.27,29.45
             11.27,29.36 16.55,29.73 16.55,29.73
             16.55,29.73 10.82,22.82 10.82,22.82
             10.82,22.82 16.36,24.27 16.36,24.27
             16.36,24.27 12.18,16.55 12.18,16.55
             12.18,16.55 17.45,19.73 17.55,19.64
             17.64,19.55 15.73,11.64 15.73,11.64
             15.73,11.64 21.00,16.91 21.00,16.91
             21.00,16.91 21.73,9.00 21.73,9.00
             21.73,9.00 25.55,15.64 25.55,15.64
             25.55,15.64 25.09,10.45 27.00,10.45
             28.91,10.45 28.45,15.64 28.45,15.64 Z
           M 61.00,18.09M -7.00,18.09" />
</svg>
