<?xml version="1.0" encoding="UTF-8" standalone="no"?>
<!DOCTYPE svg PUBLIC "-//W3C//DTD SVG 20010904//EN"
              "http://www.w3.org/TR/2001/REC-SVG-20010904/DTD/svg10.dtd">

<svg xmlns="http://www.w3.org/2000/svg"
     width="4.27778in" height="0.75in"
     viewBox="0 0 308 54">
  <path id="pindsvin"
        fill="none" stroke="black" stroke-width="1"
        d="M 17.07,28.34
           C 17.07,28.34 9.71,25.14 9.71,25.14
             9.71,25.14 18.26,24.77 18.26,24.77
             18.26,24.77 13.02,18.93 13.02,18.93
             13.02,18.93 21.09,21.57 21.09,21.57
             21.09,21.57 18.75,14.34 18.75,14.34
             18.75,14.34 24.74,20.30 24.74,20.30
             24.74,20.30 24.59,11.30 24.59,11.30
             24.59,11.30 29.57,19.75 29.57,19.75
             29.57,19.75 31.30,10.44 31.30,10.44
             31.30,10.44 34.55,19.32 34.55,19.32
             34.55,19.32 37.15,10.23 37.15,10.23
             37.15,10.23 39.39,19.86 39.39,19.86
             39.39,19.86 39.56,16.61 42.65,16.76
             45.73,16.91 45.44,19.70 45.44,19.70
             45.44,19.70 47.79,20.16 49.70,21.48
             51.61,22.80 49.97,23.79 52.79,28.34
             55.38,33.10 66.15,37.06 66.15,37.06
             66.15,37.06 50.44,37.05 50.44,37.05
             50.44,37.05 50.00,44.75 50.00,44.75
             50.00,44.75 47.12,44.62 47.12,44.62
             47.12,44.62 47.20,37.05 47.20,37.05
             47.20,37.05 43.16,36.84 43.16,36.84
             43.16,36.84 43.00,44.75 43.00,44.75
             43.00,44.75 39.75,44.75 39.75,44.75
             39.75,44.75 39.78,36.84 39.78,36.84
             39.78,36.84 30.14,36.84 30.14,36.84
             30.14,36.84 29.88,44.75 29.88,44.75
             29.88,44.75 26.75,44.75 26.75,44.75
             26.75,44.75 26.76,36.69 26.76,36.69
             26.76,36.69 22.76,36.69 22.76,36.69
             22.76,36.69 22.62,44.75 22.62,44.75
             22.62,44.75 19.50,44.50 19.50,44.50
             19.50,44.50 19.53,37.12 19.21,35.55
             18.89,33.98 18.41,32.43 18.41,32.43
             18.06,31.84 17.96,31.30 17.07,31.24
             14.45,31.06 16.92,34.59 15.21,34.66
             13.50,34.74 14.17,30.87 15.43,29.68
             16.70,28.49 17.07,28.34 17.07,28.34 Z
           M -27.35,20.83" />
</svg>
